'time', 'CO2'
2200.26, 9.742793
2200.76, 9.749707
2201.26, 9.750723
2201.76, 9.813717
2202.26, 9.912416
2202.76, 9.851756
2203.26, 9.787535
2203.76, 9.820568
2204.26, 9.827573
2204.76, 9.905410
2205.26, 9.881626
2205.76, 9.852588
2206.26, 9.836085
2206.76, 9.903073
2207.26, 9.903441
2207.76, 9.851664
2208.26, 9.985519
2208.76, 9.758681
2209.26, 9.857318
2209.76, 9.880459
2210.26, 9.868045
2210.76, 9.901538
2211.26, 9.956573
2211.76, 9.845796
2212.26, 10.027155
2212.76, 9.987761
2213.26, 9.827606
2213.76, 10.038158
2214.26, 9.893119
2214.76, 9.988869
2215.26, 9.958569
2215.76, 10.074323
2216.26, 9.885005
2216.76, 9.973780
2217.26, 10.056440
2217.76, 9.969171
2218.26, 10.084495
2218.76, 9.860731
2219.26, 10.038924
2219.76, 10.015356
2220.26, 10.149701
2220.76, 10.042212
2221.26, 10.059944
2221.76, 9.933617
2222.26, 10.068978
2222.76, 10.065690
2223.26, 10.035821
2223.76, 10.047622
2224.26, 10.017355
2224.76, 10.131541
2225.26, 10.060835
2225.76, 10.154925
2226.26, 10.138577
2226.76, 9.999468
2227.26, 10.205812
2227.76, 10.184210
2228.26, 9.900095
2228.76, 10.120295
2229.26, 10.092670
2229.76, 10.035482
2230.26, 10.131571
2230.76, 10.108250
2231.26, 10.168322
2231.76, 10.175574
2232.26, 10.116268
2232.76, 10.062525
2233.26, 10.186912
2233.76, 10.247632
2234.26, 10.203507
2234.76, 10.204612
2235.26, 10.112675
2235.76, 10.118635
2236.26, 10.177480
2236.76, 10.016892
2237.26, 10.096632
2237.76, 10.189342
2238.26, 10.204181
2238.76, 10.167431
2239.26, 10.182550
2239.76, 10.242470
2240.26, 10.153725
2240.76, 10.207715
2241.26, 10.051492
2241.76, 10.222436
2242.26, 10.145707
2242.76, 10.173976
2243.26, 10.185683
2243.76, 10.099459
2244.26, 10.193244
2244.76, 10.147643
2245.26, 10.143801
2245.76, 10.149978
2246.26, 10.167184
2246.76, 10.061265
2247.26, 10.093253
2247.76, 10.064737
2248.26, 10.101090
2248.76, 10.010655
2249.26, 10.165494
2249.76, 10.161533
2250.26, 10.075306
2250.76, 10.193336
2251.26, 10.114148
2251.76, 10.216996
2252.26, 10.153081
2252.76, 10.105607
2253.26, 10.161776
2253.76, 10.071989
2254.26, 10.130618
2254.76, 10.231253
2255.26, 10.175975
2255.76, 10.224863
2256.26, 10.264841
2256.76, 10.156309
2257.26, 10.179877
2257.76, 10.217518
2258.26, 10.175666
2258.76, 10.305803
2259.26, 10.144017
2259.76, 10.238538
2260.26, 10.222374
2260.76, 10.264227
2261.26, 10.241948
2261.76, 10.218409
2262.26, 10.190048
2262.76, 10.144570
2263.26, 10.203445
2263.76, 10.238538
2264.26, 10.228426
2264.76, 10.255807
2265.26, 10.294862
2265.76, 10.214109
2266.26, 10.226339
2266.76, 10.223051
2267.26, 10.096510
2267.76, 10.356505
2268.26, 10.123612
2268.76, 10.236079
2269.26, 10.157351
2269.76, 10.301194
2270.26, 10.143370
2270.76, 10.256882
2271.26, 10.226062
2271.76, 10.217305
2272.26, 10.295878
2272.76, 10.277100
2273.26, 10.229041
2273.76, 10.242592
2274.26, 10.281282
2274.76, 10.246711
2275.26, 10.264996
2275.76, 10.178125
2276.26, 10.203445
2276.76, 10.198191
2277.26, 10.084156
2277.76, 10.220069
2278.26, 10.215582
2278.76, 10.124536
2279.26, 10.231809
2279.76, 10.202676
2280.26, 10.248710
2280.76, 10.163837
2281.26, 10.277685
2281.76, 10.212048
2282.26, 10.269940
2282.76, 10.197945
2283.26, 10.382592
2283.76, 10.029706
2284.26, 10.226062
2284.76, 10.227229
2285.26, 10.168446
2285.76, 10.282173
2286.26, 10.286874
2286.76, 10.090119
2287.26, 10.260107
2287.76, 10.284385
2288.26, 10.292436
2288.76, 10.246004
2289.26, 10.277656
2289.76, 10.066519
2290.26, 10.350174
2290.76, 10.274520
2291.26, 10.281926
2291.76, 10.261061
2292.26, 10.292558
2292.76, 10.278330
2293.26, 10.324545
2293.76, 10.245205
2294.26, 10.228797
2294.76, 10.344214
2295.26, 10.208639
2295.76, 10.223235
2296.26, 10.270219
2296.76, 10.265088
2297.26, 10.132002
2297.76, 10.227719
2298.26, 10.182951
2298.76, 10.176189
2299.26, 10.335423
2299.76, 10.319692
2300.26, 10.201295
2300.76, 10.098969
2301.26, 10.288317
2301.76, 10.300362
2302.26, 10.254394
2302.76, 10.264933
2303.26, 10.228890
2303.76, 10.405485
2304.26, 10.263674
2304.76, 10.274490
2305.26, 10.181905
2305.76, 10.088459
2306.26, 10.234574
2306.76, 10.200956
2307.26, 10.255775
2307.76, 10.251537
2308.26, 10.307707
2308.76, 10.245268
2309.26, 10.236694
2309.76, 10.318493
2310.26, 10.414920
2310.76, 10.064093
2311.26, 10.137012
2311.76, 10.226736
2312.26, 10.226122
2312.76, 10.295816
2313.26, 10.263980
2313.76, 10.259555
2314.26, 10.269174
2314.76, 10.346702
2315.26, 10.347376
2315.76, 10.243085
2316.26, 10.231069
2316.76, 10.131019
2317.26, 10.489651
2317.76, 10.209037
2318.26, 10.260906
2318.76, 10.174837
2319.26, 10.364648
2319.76, 10.404410
2320.26, 10.277380
2320.76, 10.292098
2321.26, 10.201449
2321.76, 10.392703
2322.26, 10.252149
2322.76, 10.313423
2323.26, 10.231102
2323.76, 10.208547
2324.26, 10.334256
2324.76, 10.191492
2325.26, 10.162854
2325.76, 10.136058
2326.26, 10.347284
2326.76, 10.268622
2327.26, 10.353738
2327.76, 10.331031
2328.26, 10.310534
2328.76, 10.328726
2329.26, 10.262629
2329.76, 10.359053
2330.26, 9.950396
2330.76, 10.364218
2331.26, 10.226368
2331.76, 10.291144
2332.26, 10.294185
2332.76, 10.307154
2333.26, 10.232516
2333.76, 10.386526
2334.26, 10.214169
2334.76, 10.185071
2335.26, 10.336501
2335.76, 10.358379
2336.26, 10.313269
2336.76, 10.284323
2337.26, 10.257343
2337.76, 10.360007
2338.26, 10.201048
2338.76, 10.142788
2339.26, 10.287610
2339.76, 10.449333
2340.26, 10.318953
2340.76, 10.149948
2341.26, 10.368396
2341.76, 10.345226
2342.26, 10.423862
2342.76, 10.228613
2343.26, 10.342277
2343.76, 10.315636
2344.26, 10.393131
2344.76, 10.319722
2345.26, 10.358317
2345.76, 10.358041
2346.26, 10.186883
2346.76, 10.268622
2347.26, 10.237891
2347.76, 10.292005
2348.26, 10.394916
2348.76, 10.453791
2349.26, 10.316372
2349.76, 10.286042
2350.26, 10.237463
2350.76, 10.398079
2351.26, 10.281926
2351.76, 10.161102
2352.26, 10.365477
2352.76, 10.316556
2353.26, 10.297627
2353.76, 10.316648
2354.26, 10.298580
2354.76, 10.353830
2355.26, 10.298643
2355.76, 10.316464
2356.26, 10.270065
2356.76, 10.288379
2357.26, 10.360223
2357.76, 10.321721
2358.26, 10.378597
2358.76, 10.373988
2359.26, 10.287396
2359.76, 10.375832
2360.26, 10.341663
2360.76, 10.306201
2361.26, 10.339881
2361.76, 10.335393
2362.26, 10.309860
2362.76, 10.285920
2363.26, 10.354260
2363.76, 10.378229
2364.26, 10.190969
2364.76, 10.405978
2365.26, 10.295878
2365.76, 10.329065
2366.26, 10.326238
2366.76, 10.420203
2367.26, 10.352787
2367.76, 10.262382
2368.26, 10.355736
2368.76, 10.313331
2369.26, 10.405732
2369.76, 10.460675
2370.26, 10.331675
2370.76, 10.309580
2371.26, 10.456987
2371.76, 10.325344
2372.26, 10.350174
2372.76, 10.374787
2373.26, 10.394975
2373.76, 10.406346
2374.26, 10.356781
2374.76, 10.317756
2375.26, 10.246435
2375.76, 10.399400
2376.26, 10.361236
2376.76, 10.250061
2377.26, 10.340002
2377.76, 10.402812
2378.26, 10.384468
2378.76, 10.334749
2379.26, 10.345502
2379.76, 10.349221
2380.26, 10.417192
2380.76, 10.258973
2381.26, 10.309551
2381.76, 10.371746
2382.26, 10.379764
2382.76, 10.386618
2383.26, 10.262843
2383.76, 10.348698
2384.26, 10.274766
2384.76, 10.390735
2385.26, 10.355799
2385.76, 10.248187
2386.26, 10.245790
2386.76, 10.293971
2387.26, 10.189434
2387.76, 10.350667
2388.26, 10.374143
2388.76, 10.370240
2389.26, 10.454590
2389.76, 10.366644
2390.26, 10.359977
2390.76, 10.351341
2391.26, 10.331951
2391.76, 10.349743
2392.26, 10.347531
2392.76, 10.335055
2393.26, 10.412215
2393.76, 10.416518
2394.26, 10.200526
2394.76, 10.383913
2395.26, 10.308660
2395.76, 10.366000
2396.26, 10.369563
2396.76, 10.405640
2397.26, 10.279283
2397.76, 10.360500
2398.26, 10.398542
2398.76, 10.373682
2399.26, 10.288225
2399.76, 10.416945
2400.26, 10.386556
2400.76, 10.457907
2401.26, 10.368827
2401.76, 10.395774
2402.26, 10.318371
2402.76, 10.483197
2403.26, 10.191462
2403.76, 10.229133
2404.26, 10.261370
2404.76, 10.402780
2405.26, 10.451487
2405.76, 10.316865
2406.26, 10.354444
2406.76, 10.410709
2407.26, 10.439011
2407.76, 10.308538
2408.26, 10.118480
2408.76, 10.233804
2409.26, 10.281496
2409.76, 10.413414
2410.26, 10.411048
2410.76, 10.364155
2411.26, 10.402905
2411.76, 10.332688
2412.26, 10.234942
2412.76, 10.297719
2413.26, 10.217364
2413.76, 10.233867
2414.26, 10.293357
2414.76, 10.134829
2415.26, 10.252181
2415.76, 10.304758
2416.26, 10.324670
2416.76, 10.349467
2417.26, 10.225415
2417.76, 10.317079
2418.26, 10.259802
2418.76, 10.360592
2419.26, 10.341876
2419.76, 10.287088
2420.26, 10.410893
2420.76, 10.425828
2421.26, 10.344181
2421.76, 10.296214
2422.26, 10.349898
2422.76, 10.330262
2423.26, 10.481570
2423.76, 10.319998
2424.26, 10.368981
2424.76, 10.382654
2425.26, 10.429944
2425.76, 10.402135
2426.26, 10.359793
2426.76, 10.339605
2427.26, 10.278392
2427.76, 10.435937
2428.26, 10.417899
2428.76, 10.221881
2429.26, 10.263181
2429.76, 10.247355
2430.26, 10.370024
2430.76, 10.380533
2431.26, 10.403858
2431.76, 10.338589
2432.26, 10.429914
2432.76, 10.354260
2433.26, 10.318187
2433.76, 10.368981
2434.26, 10.411048
2434.76, 10.394854
2435.26, 10.353461
2435.76, 10.407205
2436.26, 10.355891
2436.76, 10.432557
2437.26, 10.380842
2437.76, 10.321198
2438.26, 10.417284
2438.76, 10.340893
2439.26, 10.347655
2439.76, 10.396267
2440.26, 10.275167
2440.76, 10.340587
2441.26, 10.569299
2441.76, 10.306602
2442.26, 10.290592
2442.76, 10.405854
2443.26, 10.420572
2443.76, 10.415410
2444.26, 10.386586
2444.76, 10.340739
2445.26, 10.345995
2445.76, 10.504369
2446.26, 10.326267
2446.76, 10.339848
2447.26, 10.441562
2447.76, 10.414582
2448.26, 10.334410
2448.76, 10.363478
2449.26, 10.368304
2449.76, 10.328634
2450.26, 10.455172
2450.76, 10.283708
2451.26, 10.330015
2451.76, 10.320643
2452.26, 10.290467
2452.76, 10.232144
2453.26, 10.301901
2453.76, 10.312746
2454.26, 10.319413
2454.76, 10.335055
2455.26, 10.317970
2455.76, 10.325653
2456.26, 10.297292
2456.76, 10.426104
2457.26, 10.312532
2457.76, 10.386464
2458.26, 10.328726
2458.76, 10.356473
2459.26, 10.496686
2459.76, 10.263089
2460.26, 10.321257
2460.76, 10.299379
2461.26, 10.387447
2461.76, 10.309337
2462.26, 10.296338
2462.76, 10.204181
2463.26, 10.298643
2463.76, 10.369655
2464.26, 10.053612
2464.76, 10.304265
2465.26, 10.330784
2465.76, 10.277564
2466.26, 10.333027
2466.76, 10.415903
2467.26, 10.319078
2467.76, 10.349253
2468.26, 10.358718
2468.76, 10.332168
2469.26, 10.265239
2469.76, 10.298889
2470.26, 10.393871
2470.76, 10.235373
2471.26, 10.470876
2471.76, 10.320859
2472.26, 10.262537
2472.76, 10.443896
2473.26, 10.355151
2473.76, 10.317510
2474.26, 10.352324
2474.76, 10.403151
2475.26, 10.363386
2475.76, 10.321596
2476.26, 10.318769
2476.76, 10.362281
2477.26, 10.252211
2477.76, 10.317079
2478.26, 10.355059
2478.75, 10.270926
2479.26, 10.391011
2479.76, 10.376355
2480.26, 10.391320
2480.76, 10.252336
2481.26, 10.250676
2481.76, 10.435046
2482.26, 10.389998
2482.76, 10.337698
2483.26, 10.283494
2483.76, 10.382223
2484.26, 10.374757
2484.76, 10.373373
2485.26, 10.361450
2485.76, 10.324545
2486.26, 10.485255
2486.76, 10.321136
2487.26, 10.301960
2487.76, 10.304971
2488.26, 10.384528
2488.76, 10.390675
2489.26, 10.339019
2489.76, 10.341909
2490.26, 10.267636
2490.76, 10.387233
2491.26, 10.254177
2491.76, 10.383575
2492.26, 10.354845
2492.76, 10.350358
2493.26, 10.315573
2493.76, 10.305435
2494.26, 10.320643
2494.76, 10.208208
2495.26, 10.243545
2495.76, 10.341232
2496.26, 10.230579
2496.76, 10.302821
2497.26, 10.375155
2497.76, 10.326728
2498.26, 10.350236
2498.76, 10.319600
2499.26, 10.290930
2499.76, 10.425368
2500.26, 10.258911
2500.76, 10.287979
2501.26, 10.324486
2501.76, 10.341048
2502.26, 10.359484
2502.76, 10.358501
2503.26, 10.365385
2503.76, 10.199756
2504.26, 10.379058
2504.76, 10.233190
2505.26, 10.202432
2505.76, 10.350667
2506.26, 10.152805
2506.76, 10.379643
2507.26, 10.309580
2507.76, 10.297197
2508.26, 10.307309
2508.76, 10.437413
2509.26, 10.360592
2509.76, 10.333303
2510.26, 10.329400
2510.76, 10.364218
2511.26, 10.299596
2511.76, 10.339910
2512.26, 10.295661
2512.76, 10.333395
2513.26, 10.391349
2513.76, 10.340371
2514.26, 10.336376
2514.76, 10.335854
2515.26, 10.334716
2515.76, 10.395436
2516.26, 10.461780
2516.76, 10.313423
2517.26, 10.299350
2517.76, 10.421186
2518.26, 10.387631
2518.76, 10.254394
2519.26, 10.393654
2519.76, 10.330939
2520.26, 10.386402
2520.76, 10.361851
2521.26, 10.376322
2521.76, 10.312131
2522.26, 10.393193
2522.76, 10.383361
2523.26, 10.346548
2523.76, 10.393072
2524.26, 10.229902
2524.76, 10.468785
2525.26, 10.309212
2525.76, 10.290132
2526.26, 9.274985
2526.76, 8.148906
2527.26, 6.812401
2527.76, 5.687308
2528.26, 4.790280
2528.76, 3.917131
2529.26, 3.276103
2529.76, 2.630960
2530.26, 2.063587
2530.76, 1.674320
2531.26, 1.441459
2531.76, 1.078678
2532.26, 0.701515
2532.76, 0.695338
2533.26, 0.478149
2533.76, 0.349550
2534.26, 0.288525
2534.76, 0.146313
2535.26, 0.075268
2535.76, 0.036121
2536.26, 0.092905
2536.76, -0.166810
2537.26, -0.144472
2537.76, -0.093461
2538.26, -0.063870
2538.76, -0.188199
2539.26, -0.202302
2539.76, -0.085443
2540.26, -0.060889
2540.76, -0.122285
2541.26, -0.100805
2541.76, -0.156393
2542.26, -0.187830
2542.76, -0.079111
2543.26, -0.219449
2543.76, -0.134699
2544.26, -0.103017
2544.76, -0.062795
2545.26, -0.182820
2545.76, -0.179257
2546.26, -0.144134
2546.76, -0.180516
2547.26, -0.061227
2547.76, 0.021738
2548.26, -0.148036
2548.76, -0.106061
2549.26, -0.008529
2549.76, -0.096229
2550.26, -0.081294
2550.76, -0.138726
2551.26, -0.106920
2551.76, -0.188659
2552.26, -0.156794
2552.76, -0.215485
2553.26, -0.055451
2553.76, -0.056618
2554.26, -0.234690
2554.76, -0.156978
2555.26, -0.113804
2555.76, -0.120287
2556.26, -0.065807
2556.76, -0.133347
2557.26, -0.109563
2557.76, -0.117614
2558.26, -0.014121
2558.76, -0.185155
2559.26, -0.053206
2559.76, -0.198492
2560.26, -0.070015
2560.76, -0.131964
2561.26, -0.116200
2561.76, -0.116384
2562.26, -0.105568
2562.76, 0.003026
2563.26, -0.103908
2563.76, -0.130274
2564.26, -0.114727
2564.76, -0.252452
2565.26, -0.085410
2565.76, -0.131658
2566.26, -0.389010
2566.76, -0.144778
2567.26, -0.032067
2567.76, -0.139617
2568.26, -0.149972
2568.76, -0.157839
2569.26, -0.154364
2569.76, -0.073059
2570.26, -0.112636
2570.76, -0.184573
2571.26, -0.143673
2571.76, -0.081478
2572.26, -0.154058
2572.76, -0.064824
2573.26, -0.089345
2573.76, -0.101972
2574.26, -0.066605
2574.76, 0.045740
2575.26, -0.119580
2575.76, -0.105263
2576.26, -0.151938
2576.76, -0.159466
2577.26, -0.157376
2577.76, -0.197140
2578.26, -0.185710
2578.76, -0.039040
2579.26, -0.177751
2579.76, -0.235857
2580.26, -0.164568
2580.76, -0.130704
2581.26, -0.112729
2581.76, -0.107567
2582.26, -0.085535
2582.76, -0.163645
2583.26, -0.060123
2583.76, -0.082892
2584.26, -0.170131
2584.76, -0.185953
2585.26, -0.056217
2585.76, -0.040118
2586.26, -0.335112
2586.76, -0.188383
2587.26, -0.059751
2587.76, -0.068972
2588.26, -0.084243
2588.76, -0.179349
2589.26, -0.138265
2589.76, -0.161311
2590.26, -0.088237
2590.76, -0.100621
2591.26, -0.120934
2591.76, -0.193146
2592.26, -0.172741
2592.76, -0.190562
2593.26, -0.085748
2593.76, -0.124435
2594.26, -0.019315
2594.76, -0.079111
2595.26, -0.030713
2595.76, -0.123699
2596.26, -0.089006
2596.76, -0.104372
2597.26, -0.110115
2597.76, -0.112022
2598.26, -0.131964
2598.76, -0.047768
2599.26, -0.071612
2599.76, -0.123544
2600.26, -0.152152
2600.76, -0.149295
2601.26, -0.053331
2601.76, -0.137371
2602.26, -0.145117
2602.76, -0.244707
2603.26, -0.069370
2603.76, -0.174523
2604.26, -0.096074
2604.76, -0.159312
2605.26, -0.168500
2605.76, -0.049981
2606.26, -0.159713
2606.76, -0.109040
2607.26, -0.137526
2607.76, -0.177505
2608.26, -0.071553
2608.76, -0.133193
2609.26, -0.111716
2609.76, -0.165242
2610.26, -0.122223
2610.76, -0.133870
2611.26, -0.136911
2611.76, -0.135744
2612.26, 0.103201
2612.76, -0.078312
2613.26, -0.104185
2613.76, -0.086916
2614.26, -0.223197
2614.76, -0.070324
2615.26, -0.106430
2615.76, -0.119027
2616.26, -0.096656
2616.76, -0.038366
2617.26, -0.112758
2617.76, -0.082155
2618.26, -0.107442
2618.76, -0.130336
2619.26, -0.123699
2619.76, -0.147944
2620.26, -0.094260
2620.76, -0.051365
2621.26, -0.038120
2621.76, -0.207834
2622.26, -0.099207
2622.76, -0.207342
2623.26, -0.033448
2623.76, -0.287483
2624.26, -0.250147
2624.76, -0.100190
2625.26, -0.159683
2625.76, -0.045494
2626.26, -0.054991
2626.76, -0.108027
2627.26, -0.103264
2627.76, -0.100591
2628.26, -0.161801
2628.76, -0.144531
2629.26, -0.278633
2629.76, -0.181992
2630.26, -0.138357
2630.76, -0.120194
2631.26, -0.204915
2631.76, -0.130888
2632.26, -0.072720
2632.76, 0.012520
2633.26, -0.210475
2633.76, -0.084335
2634.26, -0.056096
2634.76, -0.056773
2635.26, -0.083138
2635.76, -0.108517
2636.26, -0.166258
2636.76, -0.292122
2637.26, -0.043436
2637.76, 0.001918
2638.26, -0.076530
2638.76, -0.068972
2639.26, 0.020265
2639.76, -0.142289
2640.26, 0.049271
2640.76, 0.028747
2641.26, 0.067894
2641.76, 0.218680
2642.26, 0.087468
2642.76, 0.158329
2643.26, 0.131503
2643.76, 0.272085
2644.26, 0.160387
2644.76, 0.264096
2645.26, 0.212963
2645.76, 0.218187
2646.26, 0.275126
2646.76, 0.362825
2647.26, 0.337015
2647.76, 0.456179
2648.26, 0.528730
2648.76, 0.506543
2649.26, 0.414451
2649.76, 0.390880
2650.26, 0.609453
2650.76, 0.760114
2651.26, 0.659508
2651.76, 0.726898
2652.26, 0.749637
2652.76, 0.759440
2653.26, 0.619010
2653.76, 0.759500
2654.26, 0.624480
2654.76, 0.815057
2655.26, 0.930168
2655.76, 0.787094
2656.26, 0.790260
2656.76, 0.961849
2657.26, 1.074467
2657.76, 1.125600
2658.26, 1.143451
2658.76, 1.207922
2659.26, 1.109959
2659.76, 1.278658
2660.26, 1.284036
2660.76, 1.222485
2661.26, 1.262217
2661.76, 1.386608
2662.26, 1.400649
2662.76, 1.389067
2663.26, 1.472953
2663.76, 1.367465
2664.26, 1.546947
2664.76, 1.424558
2665.26, 1.438169
2665.76, 1.657051
2666.26, 1.740661
2666.76, 1.688883
2667.26, 1.771819
2667.76, 1.695152
2668.26, 1.664056
2668.76, 1.887606
2669.26, 1.816285
2669.76, 1.876696
2670.26, 1.700438
2670.76, 1.982831
2671.26, 2.008430
2671.76, 1.975918
2672.26, 2.050283
2672.76, 2.059162
2673.26, 2.175746
2673.76, 2.059225
2674.26, 2.130267
2674.76, 2.180631
2675.26, 2.215080
2675.76, 2.114504
2676.26, 2.205859
2676.76, 2.340881
2677.26, 2.460476
2677.76, 2.561788
2678.26, 2.512654
2678.76, 2.558376
2679.26, 2.623984
2679.76, 2.639287
2680.26, 2.680617
2680.76, 2.670629
2681.26, 2.709286
2681.76, 2.741767
2682.26, 2.863787
2682.76, 2.800550
2683.26, 2.782696
2683.76, 2.730366
2684.26, 2.809061
2684.76, 2.869688
2685.26, 2.755715
2685.76, 2.789734
2686.26, 2.838283
2686.76, 2.884160
2687.26, 2.774707
2687.76, 2.836041
2688.26, 2.874175
2688.76, 2.900478
2689.26, 3.055104
2689.76, 3.128976
2690.26, 3.240428
2690.76, 3.285167
2691.26, 3.248387
2691.76, 3.431712
2692.26, 3.546115
2692.76, 3.502264
2693.26, 3.545438
2693.76, 3.543719
2694.26, 3.569775
2694.76, 3.545408
2695.26, 3.696161
2695.76, 3.719854
2696.26, 3.716412
2696.76, 3.702493
2697.26, 3.641557
2697.76, 3.731715
2698.26, 3.788687
2698.76, 3.673116
2699.26, 3.737491
2699.76, 3.760507
2700.26, 3.608186
2700.76, 3.817600
2701.26, 3.742748
2701.76, 3.765517
2702.26, 3.774981
2702.76, 3.838465
2703.26, 3.796061
2703.76, 3.854722
2704.26, 3.799687
2704.76, 3.899247
2705.26, 3.829586
2705.76, 3.822058
2706.26, 4.038691
2706.76, 4.230745
2707.26, 4.345733
2707.76, 4.436720
2708.26, 4.227641
2708.76, 4.509084
2709.26, 4.639773
2709.76, 4.545499
2710.26, 4.545466
2710.76, 4.448519
2711.26, 4.637745
2711.76, 4.655721
2712.26, 4.552103
2712.76, 4.721940
2713.26, 4.712354
2713.76, 4.656273
2714.26, 4.706607
2714.76, 4.667368
2715.26, 4.668473
2715.76, 4.912274
2716.26, 4.835666
2716.76, 4.799254
2717.26, 4.794336
2717.76, 4.707715
2718.26, 4.906741
2718.76, 4.838309
2719.26, 4.750149
2719.76, 4.916699
2720.26, 4.806536
2720.76, 4.909815
2721.26, 4.853182
2721.76, 4.808995
2722.26, 4.836774
2722.76, 4.977632
2723.26, 4.946628
2723.76, 4.960333
2724.26, 4.958091
2724.76, 4.818920
2725.26, 5.019668
2725.76, 4.930463
2726.26, 4.819104
2726.76, 4.990999
2727.26, 5.084721
2727.76, 5.017857
2728.26, 5.010266
2728.76, 5.110563
2729.26, 5.103466
2729.76, 4.973516
2730.26, 5.176322
2730.76, 5.214519
2731.26, 5.160128
2731.76, 5.242545
2732.26, 5.228593
2732.76, 5.133056
2733.26, 5.230927
2733.76, 5.242913
2734.26, 5.373109
2734.76, 5.279170
2735.26, 5.292353
2735.76, 5.570847
2736.26, 5.822176
2736.76, 5.827890
2737.26, 5.901394
2737.76, 5.998742
2738.26, 6.015458
2738.76, 6.135822
2739.26, 6.054668
2739.76, 6.058353
2740.26, 6.182251
2740.76, 6.161971
2741.26, 6.131858
2741.75, 6.153949
2742.26, 6.161510
2742.76, 6.198169
2743.26, 6.228989
2743.76, 6.234367
2744.26, 6.234153
2744.76, 6.229390
2745.26, 6.305994
2745.76, 6.196265
2746.26, 6.209968
2746.76, 6.269645
2747.26, 6.340749
2747.76, 6.341025
2748.26, 6.323234
2748.76, 6.354760
2749.26, 6.232769
2749.76, 6.394124
2750.26, 6.312786
2750.76, 6.311067
2751.26, 6.358051
2751.76, 6.317763
2752.26, 6.517992
2752.76, 6.389884
2753.26, 6.389331
2753.76, 6.595211
2754.26, 6.391514
2754.76, 6.391359
2755.26, 6.484990
2755.76, 6.495036
2756.26, 6.477001
2756.76, 6.574993
2757.26, 6.455182
2757.76, 6.493070
2758.26, 6.460222
2758.76, 6.552714
2759.26, 6.425500
2759.76, 6.452201
2760.25, 6.522355
2760.76, 6.629966
2761.26, 6.667917
2761.76, 6.629381
2762.26, 6.661677
2762.76, 6.702271
2763.26, 6.816119
2763.76, 6.736871
2764.26, 6.628891
2764.76, 6.736010
2765.26, 6.750146
2765.76, 6.765416
2766.26, 6.835876
2766.76, 6.726914
2767.26, 6.818085
2767.76, 6.923053
2768.26, 6.834709
2768.76, 6.778293
2769.26, 6.758904
2769.76, 6.817286
2770.26, 6.942722
2770.76, 6.884090
2771.26, 6.913161
2771.76, 6.967210
2772.25, 7.067694
2772.76, 7.007159
2773.26, 7.080969
2773.76, 6.961464
2774.26, 7.024550
2774.76, 7.091538
2775.26, 7.102140
2775.76, 7.115293
2776.26, 7.090740
2776.76, 7.154562
2777.26, 7.159263
2777.76, 7.262726
2778.26, 7.131116
2778.76, 7.195432
2779.26, 7.249606
2779.76, 7.150476
2780.26, 7.114893
2780.76, 7.259317
2781.26, 7.316042
2781.76, 7.249452
2782.26, 7.264140
2782.76, 7.268841
2783.26, 7.308175
2783.76, 7.398025
2784.26, 7.346740
2784.76, 7.401437
2785.26, 7.327594
2785.76, 7.477272
2786.26, 7.391788
2786.76, 7.452938
2787.26, 7.414712
2787.76, 7.499827
2788.26, 7.654453
2788.76, 7.517803
2789.26, 7.599388
2789.76, 7.600433
2790.26, 7.652704
2790.76, 7.667853
2791.26, 7.521768
2791.76, 7.588941
2792.26, 7.541006
2792.76, 7.658726
2793.26, 7.654025
2793.76, 7.536857
2794.26, 7.694984
2794.76, 7.800600
2795.26, 7.790613
2795.76, 7.758685
2796.26, 7.770885
2796.76, 7.597268
2797.26, 7.895887
2797.76, 7.806928
2798.26, 7.821617
2798.76, 7.827547
2799.26, 8.087204
2799.76, 7.819036
2800.26, 7.913311
2800.76, 7.838734
2801.26, 7.960265
2801.76, 7.956422
2802.26, 7.767535
2802.76, 7.952060
2803.26, 7.934607
2803.76, 7.953812
2804.26, 7.969421
2804.76, 7.984786
2805.26, 8.051959
2805.76, 8.019571
2806.26, 7.992775
2806.76, 8.049408
2807.26, 8.076848
2807.76, 8.117748
2808.26, 8.136891
2808.76, 8.194293
2809.26, 8.150504
2809.76, 8.100357
2810.26, 8.266475
2810.76, 8.462891
2811.26, 8.267948
2811.76, 8.256547
2812.26, 8.239311
2812.76, 8.229600
2813.26, 8.326978
2813.76, 8.255597
2814.26, 8.271791
2814.76, 8.203636
2815.26, 8.537470
2815.76, 8.014439
2816.26, 8.411235
2816.76, 8.399098
2817.26, 8.434589
2817.76, 8.376145
2818.26, 8.418948
2818.76, 8.465041
2819.26, 8.436279
2819.76, 8.588018
2820.26, 8.378265
2820.76, 8.489654
2821.26, 8.506463
2821.76, 8.578031
2822.26, 8.585714
2822.76, 8.474907
2823.26, 8.524807
2823.76, 8.513501
2824.26, 8.614995
2824.76, 8.609466
2825.26, 8.594623
2825.76, 8.578613
2826.26, 8.637613
2826.76, 8.660536
2827.26, 8.644313
2827.76, 8.670399
2828.26, 8.684012
2828.76, 8.765383
2829.26, 8.699315
2829.76, 8.728968
2830.26, 8.724020
2830.76, 8.759390
2831.26, 8.857475
2831.76, 8.737696
2832.26, 8.669817
2832.76, 8.789536
2833.26, 8.908055
2833.76, 8.803915
2834.26, 8.846106
2834.76, 8.740523
2835.26, 8.922560
2835.76, 8.896533
2836.26, 8.837871
2836.76, 8.965671
2837.26, 8.944497
2837.76, 8.921636
2838.26, 8.948031
2838.76, 8.930946
2839.26, 8.926491
2839.76, 9.007001
2840.26, 8.971326
2840.76, 8.968466
2841.26, 8.955191
2841.76, 9.011301
2842.26, 9.059791
2842.76, 9.008323
2843.26, 9.022242
2843.76, 9.110678
2844.26, 9.083974
2844.76, 9.277043
2845.26, 9.051648
2845.76, 9.110155
2846.26, 9.101430
2846.76, 9.024392
2847.26, 9.076847
2847.76, 9.141991
2848.26, 9.039695
2848.76, 9.159996
2849.26, 9.203295
2849.76, 9.185655
2850.26, 9.159598
2850.76, 9.141100
2851.26, 9.289210
2851.76, 9.216231
2852.26, 9.171673
2852.76, 9.188206
2853.26, 9.218536
2853.76, 9.228339
2854.26, 9.195705
2854.76, 9.158523
2855.26, 9.179941
2855.76, 9.340435
2856.26, 9.267240
2856.76, 9.273999
2857.26, 9.217398
2857.76, 9.172935
2858.26, 9.187591
2858.76, 9.345198
2859.26, 9.215554
2859.76, 9.434157
2860.26, 9.461660
2860.76, 9.334106
2861.26, 9.321907
2861.76, 9.332108
2862.26, 9.368184
2862.76, 9.430593
2863.26, 9.428256
2863.76, 9.446879
2864.26, 9.439933
2864.76, 9.523392
2865.26, 9.427335
2865.76, 9.476532
2866.26, 9.460401
2866.76, 9.415566
2867.26, 9.481296
2867.76, 9.479941
2868.26, 9.377034
2868.76, 9.410527
2869.26, 9.621539
2869.76, 9.537590
2870.26, 9.543642
2870.76, 9.569239
2871.26, 9.547761
2871.76, 9.590351
2872.26, 9.560514
2872.76, 9.573203
2873.26, 9.590042
2873.76, 9.665328
2874.26, 9.565060
2874.76, 9.658966
2875.26, 9.586879
2875.76, 9.581931
2876.26, 9.679187
2876.76, 9.568410
2877.26, 9.516754
2877.76, 9.553722
2878.26, 9.733914
2878.76, 9.631894
2879.26, 9.621969
2879.76, 9.642989
2880.26, 9.680046
2880.76, 9.528033
2881.26, 9.650978
2881.76, 9.668461
2882.26, 9.636874
2882.76, 9.712466
2883.26, 9.682751
2883.76, 9.633492
2884.26, 9.714495
2884.76, 9.709301
2885.26, 9.839589
2885.76, 9.785290
2886.26, 9.788364
2886.76, 9.754871
2887.26, 9.797983
2887.76, 9.730810
2888.26, 9.707394
2888.76, 9.797184
2889.26, 9.673073
2889.76, 9.768544
2890.26, 9.795340
2890.76, 9.787690
2891.26, 9.751643
2891.76, 9.781052
2892.26, 9.791129
2892.76, 9.859133
2893.26, 9.727306
2893.76, 9.921480
2894.26, 9.721931
2894.76, 9.790422
2895.26, 9.781635
2895.76, 9.853817
2896.26, 9.850559
2896.76, 9.889308
2897.26, 9.895361
2897.76, 9.854156
2898.26, 9.790945
2898.76, 9.777210
2899.26, 9.909865
2899.76, 9.830555
2900.26, 9.856828
2900.76, 9.991266
2901.26, 9.835841
2901.76, 9.898405
2902.26, 9.804775
2902.76, 9.739999
2903.26, 9.944097
2903.76, 9.881041
2904.26, 9.784064
2904.76, 9.901784
